000801200
000006100
000011600
001414100
000017100
000033600
000022600
000028100
003129600
000015000
000003000
000039100
001075200
000044600
004247600
000050100
000061100
000066600
008563000
000072100
000083100
000088600
000105100
000094100
000099600
000127100
009443200
000121600
000132600
000138100
009028100
000154600
000160100
000165600
000166500
009027200
000171100
000182100
000176600
006149600
000190000
002437100
000193100
000198600
000202600
000215100
000220600
000230000
000237100
000242100
000243600
000248100
000253600
000259100
004049200
003463600
007327200
000084400
003785200
003831600
001017600
009111600
005873200
008919600
001927600
001643200
006999600
000270100
000325100
000286600
000292100
000297600
000298000
000303100
000319600
000330600
000336100
000341600
000346000
000352600
000355100
000358100
000363600
000369100
000374600
000380100
000534400
000391100
005121100
000402100
000407600
000413100
009305300
007844400
007844500
009665200
000429600
002979200
000435100
005145600
000457100
000462600
009711600
000468100
001244400
000490100
000495600
000506600
000512100
000523100
000517600
000528600
001716600
001733100
001722100
003913200
004335600
000534100
000550600
000556100
000561600
000567100
000572600
009027300
000589100
000644100
000649600
000655100
000660600
004033200
009444400
000666100
006947200
000671600
000677100
000682600
000693600
000688100
000697000
000699100
000704600
000710100
000715600
009273200
000732100
000721100
000726600
000737600
000759600
000743100
004251200
000748600
000754100
009929200
000014400
000770600
000781600
000776100
000787100
000792600
009417200
002321600
000809100
000814600
000820100
000825600
000836600
000842100
000847600
008263600
000858600
000869600
001684400
000875100
000891600
000894600
000897100
000902600
000908100
000913600
000919100
000924600
000930100
004362100
006409200
000935600
002607600
001433200
000941100
000952100
000957600
000959000
007035100
000963100
006084400
000968600
000979600
006215600
000985100
000990600
000996100
001001600
001007100
001012600
005067200
008547200
001018100
001029100
001034600
001040100
001045600
001051100
001117100
001056600
001062100
001067600
004785600
001073100
001078600
001084100
001095100
001100600
001089600
008953200
001103600
001106100
007481200
001111600
008655200
008074600
001128100
001133600
001139100
001141600
001140000
001144600
001150100
001155600
001161100
001166600
001172100
000347100
008001100
001177600
001188600
001194100
001196000
001199600
001205100
001210600
001216100
001221600
007249200
000143600
001227100
008803300
008351600
004855600
001238100
001243600
001249100
001254600
001260100
009391600
001263000
001265600
001271100
001287600
001276600
001282100
001293100
001298600
009029700
001304100
001309600
009031400
006179200
001312100
001320600
009028800
001331600
001337100
001342600
001353600
001359100
001364600
001370100
001375600
001381100
001386600
001392100
001403100
001408600
001419600
001425100
001426000
001430600
001436100
001447100
001452600
001469100
001458100
001463600
001474600
001480100
001485600
001491100
001502100
001507600
001510000
001513100
001518600
001524100
003044400
001529600
001540600
001546100
006870100
001551600
005071600
001557100
001562600
001573600
001576000
001584600
001590100
001595600
001601100
001612100
001606600
001617600
009913600
001623100
001628600
001634100
001639600
006585200
001650600
001661600
000613100
001667100
001672600
006895600
001678100
001683600
001689100
001700100
001705600
001738600
001744100
005341500
001749600
001760600
001766100
001771600
002315200
001782600
000028800
001788100
001793600
005435200
001802100
007667600
001804600
001810100
001821100
001826600
001837600
001843100
001848600
001854100
001859600
006299200
008804700
001876100
001870600
004723200
001887100
001892600
001898100
001903600
001909100
001914600
001923600
001925600
001931100
001936600
001953100
001962600
001975100
001980600
001984100
001991600
001987600
002002600
002003800
009891200
002005100
002013600
002019100
002030100
002035600
002046600
002052100
002057600
002063100
002074100
002079600
002085100
002090600
002096100
002101600
002107100
002118100
002123600
002129100
002134600
002151100
002162100
002145600
002167600
002178600
002184100
002189600
006155200
005036100
008635600
008321600
002211600
002214100
000067200
002244600
002228100
002233600
002250100
002255600
002261100
002266600
002272100
006535600
002277600
002283100
002288600
002294100
007354100
007365100
007370600
007381600
007387100
000603200
007376100
007392600
005126600
002310600
002316100
006551600
002327100
002332600
002343600
002349100
002354600
002365600
002371100
002376600
009026200
002382100
002360100
002387600
002393100
002398600
002404100
002409600
009028300
002415100
000385600
002419000
002420600
002426100
002431600
002442600
002448100
002453600
002459100
009027400
002475600
002478100
002481100
002486600
002492100
002873200
006735600
002497600
002503100
002508600
002514100
002519600
002525100
002530600
000044400
002538100
002541600
002542700
002558100
005077100
009009600
002563600
002567000
002569100
002574600
002580100
002585600
002591100
002596600
002602100
002613100
003035000
002618600
002624100
002629600
002635100
006225600
002646100
002651600
002662600
002657100
002668100
002673600
002679100
002684600
002690100
005945600
002695600
002701100
002706600
002712100
008343600
002728600
002734100
002739600
002745100
004887600
002750600
003788800
002761600
002767100
002772600
002545200
001014400
002778100
007062600
002789100
008494400
002800100
002805600
003040900
002816600
002822100
003091200
002833100
009617600
002849600
005241200
002860600
002866100
002871600
002882600
002877100
005771200
002888100
002893600
002896100
002910100
002915600
002921100
002926600
009141600
002932100
002937600
002948600
002954100
002959600
002965100
000831100
002987100
002981600
002976100
003009100
000898400
003020100
003025600
003031100
003036600
003042100
003047600
003058600
003064100
003069600
008536600
003933100
005088100
003075100
005132100
003086100
003080600
003075200
000885400
003091600
003102600
003124600
003130100
003135600
